[
     0.8881315771877,                 0,                 0
  ],
  [
                   1,   -1.999825404393,                 1
  ],
  [
     0.8881315771877,                 0,                 0
  ],
  [
                   1,    -1.99963935445,                 1
  ],
  [
     0.8832068083516,                 0,                 0
  ],
  [
                   1,   -1.999826978044,                 1
  ],
  [
     0.8832068083516,                 0,                 0
  ],
  [
                   1,   -1.999636074495,                 1
  ],
  [
     0.8727533006684,                 0,                 0
  ],
  [
                   1,   -1.999830280889,                 1
  ],
  [
     0.8727533006684,                 0,                 0
  ],
  [
                   1,   -1.999628992624,                 1
  ],
  [
     0.8550165210475,                 0,                 0
  ],
  [
                   1,   -1.999835660604,                 1
  ],
  [
     0.8550165210475,                 0,                 0
  ],
  [
                   1,   -1.999616848199,                 1
  ],
  [
     0.8267004701098,                 0,                 0
  ],
  [
                   1,   -1.999843745636,                 1
  ],
  [
     0.8267004701098,                 0,                 0
  ],
  [
                   1,   -1.999597024047,                 1
  ],
  [
     0.7818770118533,                 0,                 0
  ],
  [
                   1,   -1.999855624621,                 1
  ],
  [
     0.7818770118533,                 0,                 0
  ],
  [
                   1,   -1.999563870123,                 1
  ],
  [
     0.7100882592611,                 0,                 0
  ],
  [
                   1,   -1.999873194423,                 1
  ],
  [
     0.7100882592611,                 0,                 0
  ],
  [
                   1,   -1.999503446602,                 1
  ],
  [
     0.5939823592935,                 0,                 0
  ],
  [
                   1,   -1.999899754697,                 1
  ],
  [
     0.5939823592935,                 0,                 0
  ],
  [
                   1,   -1.999371899867,                 1
  ],
  [
     0.4105979273504,                 0,                 0
  ],
  [
                   1,   -1.999940067399,                 1
  ],
  [
     0.4105979273504,                 0,                 0
  ],
  [
                   1,   -1.998949518745,                 1
  ],
  [
     0.1497081948314,                 0,                 0
  ],
  [
                   1,   -1.999989291257,                 1
  ],
  [
     0.1497081948314,                 0,                 0
  ],
  [
                   1,   -1.994127888226,                 1
  ],
  [
                   1,                 0,                 0
  ]